{"vertexJointWeights":[{"3":1},{"3":1},{"3":1},{"3":1},{"3":1},{"3":1},{"3":1},{"3":1},{"3":1},{"3":1},{"3":1},{"3":1},{"3":1},{"3":1},{"3":1},{"3":1},{"3":1},{"3":1},{"3":1},{"3":1},{"3":1},{"3":1},{"3":1},{"3":1},{"3":1},{"3":1},{"3":1},{"3":1},{"3":1},{"3":1},{"3":1},{"3":1},{"3":1},{"3":1},{"3":1},{"3":1},{"3":1},{"3":1},{"3":1},{"3":1},{"3":1},{"3":1},{"3":1},{"3":1},{"3":1},{"3":1},{"3":1},{"3":1},{"3":1},{"3":1},{"3":1},{"3":1},{"3":1},{"3":1},{"3":1},{"3":1},{"3":1},{"3":1},{"3":1},{"3":1},{"3":1},{"3":1},{"3":1},{"3":1},{"3":1},{"3":1},{"3":1},{"3":1},{"3":1},{"3":1},{"3":1},{"3":1},{"3":1},{"3":1},{"3":1},{"3":1},{"3":1},{"3":1},{"3":1},{"3":1},{"3":1},{"3":1},{"3":1},{"3":1},{"3":1},{"3":1},{"3":1},{"3":1},{"3":1},{"3":1},{"3":1},{"3":1},{"3":1},{"3":1},{"3":1},{"3":1},{"3":1},{"3":1},{"3":1},{"3":1},{"3":1},{"3":1},{"3":1},{"3":1},{"3":1},{"3":1},{"3":1},{"3":1},{"3":1},{"3":1},{"3":1},{"3":1},{"3":1},{"3":1},{"3":1},{"3":1},{"3":1},{"3":1},{"3":1},{"3":1},{"3":1},{"3":1},{"3":1},{"3":1},{"3":1},{"3":1},{"3":1},{"3":1},{"3":1},{"3":1},{"3":1},{"3":1},{"3":1},{"3":1},{"3":1},{"3":1},{"3":1},{"3":1},{"3":1},{"3":1},{"3":1},{"3":1},{"3":1},{"2":0.06229811,"3":0.9377019},{"3":1},{"2":0.05539131,"3":0.9446086},{"2":0.0755158,"3":0.9244842},{"3":1},{"1":0.07019311,"2":0.2672259,"3":0.6525826,"4":0.009998381},{"1":0.103321,"2":0.2440609,"3":0.6331795,"4":0.0194385},{"2":0.04045236,"3":0.9595476},{"2":0.01045584,"3":0.9895442},{"2":0.05900627,"3":0.9409937},{"2":0.01177346,"3":0.9882265},{"1":0.07798564,"2":0.2342584,"3":0.6435825,"4":0.04417341},{"1":0.03704148,"2":0.1635241,"3":0.7994343},{"2":0.08900821,"3":0.9109917},{"1":0.03853607,"2":0.1357722,"3":0.8256917},{"1":0.01750254,"2":0.1222941,"3":0.8602033},{"3":1},{"2":0.0651496,"3":0.9348505},{"1":0.02301484,"2":0.2942394,"3":0.6827458},{"2":0.02545696,"3":0.974543},{"1":0.03499156,"2":0.1377094,"3":0.827299},{"2":0.006388068,"3":0.9936119},{"1":0.0114721,"2":0.1433255,"3":0.8452024},{"1":0.01286506,"2":0.1169033,"3":0.8702316},{"0":0.3606735,"10":0.6311447,"13":0.008181691},{"0":0.2818728,"10":0.7181272},{"1":0.792357,"2":0.1310692,"3":0.07657372},{"0":0.3923272,"10":0.5532106,"13":0.05446219},{"0":0.3663398,"10":0.6167368,"13":0.01692342},{"0":0.8740056,"1":0.06723189,"4":0.01017642,"10":0.04858607},{"0":0.1215021,"1":0.878498},{"0":0.05103451,"10":0.9489654},{"0":0.05068266,"10":0.9493173},{"0":0.1676416,"10":0.775811,"13":0.05654722},{"0":0.1935793,"10":0.768578,"13":0.03784269},{"11":1},{"11":0.9600076,"12":0.03999233},{"11":1},{"11":0.9242609,"12":0.07573914},{"10":0.5175287,"11":0.4824714},{"10":0.8104805,"11":0.1895195},{"10":0.6328594,"11":0.3671407},{"10":0.7910367,"11":0.2089633},{"10":1},{"0":0.01641899,"10":0.983581},{"0":0.02216678,"10":0.9778332},{"10":1},{"0":0.2794454,"10":0.7205546},{"1":0.4866775,"2":0.3460078,"3":0.1673146},{"0":0.02374178,"10":0.9762582},{"0":0.2966457,"10":0.615099,"13":0.08825528},{"11":1},{"11":0.9596277,"12":0.04037231},{"10":0.78333,"11":0.2166699},{"10":0.4048141,"11":0.5951859},{"0":0.05207306,"10":0.9468746,"11":0.00105232},{"10":1},{"11":0.9697176,"12":0.03028237},{"11":0.7767943,"12":0.2232058},{"11":0.9434923,"12":0.0565077},{"11":0.7566736,"12":0.2433263},{"11":0.8165706,"12":0.1834295},{"11":0.8486172,"12":0.1513828},{"11":0.8172241,"12":0.1827759},{"11":0.07926857,"12":0.9207314},{"11":0.7561665,"12":0.2438335},{"11":0.1010483,"12":0.8989516},{"11":0.1979725,"12":0.8020275},{"11":0.2282129,"12":0.7717871},{"12":1},{"12":1},{"12":1},{"12":1},{"12":1},{"12":1},{"12":1},{"12":1},{"11":0.04210811,"12":0.9578918},{"11":0.04271489,"12":0.9572851},{"11":0.1074578,"12":0.8925422},{"11":0.08918523,"12":0.9108147},{"11":0.1174513,"12":0.8825488},{"11":0.1115728,"12":0.8884273},{"11":0.4001977,"12":0.5998023},{"11":0.2373634,"12":0.7626366},{"11":0.4764969,"12":0.5235031},{"11":0.4486624,"12":0.5513377},{"12":1},{"12":1},{"11":0.1153674,"12":0.8846326},{"11":0.03371757,"12":0.9662824},{"12":1},{"11":0.5587309,"12":0.4412692},{"11":0.563297,"12":0.436703},{"12":1},{"11":0.05464071,"12":0.9453592},{"11":0.1257417,"12":0.8742583},{"5":0.6423127,"6":0.3576872},{"5":0.7514597,"6":0.2485402},{"5":0.7232506,"6":0.2767494},{"5":0.5557696,"6":0.4442304},{"5":0.7767277,"6":0.2232723},{"5":0.3678582,"6":0.6321418},{"6":1},{"6":1},{"6":1},{"6":1},{"6":1},{"6":1},{"6":1},{"6":1},{"6":1},{"6":1},{"6":1},{"6":1},{"5":0.09370326,"6":0.9062968},{"5":0.1022095,"6":0.8977906},{"5":0.09635466,"6":0.9036453},{"5":0.0952537,"6":0.9047464},{"5":0.002069532,"6":0.9979304},{"5":0.05938166,"6":0.9406183},{"5":0.1873019,"6":0.8126981},{"5":0.171765,"6":0.828235},{"5":0.1494081,"6":0.850592},{"5":0.026039,"6":0.973961},{"5":0.01203727,"6":0.9879627},{"6":1},{"5":0.07948607,"6":0.9205139},{"5":0.06110733,"6":0.9388927},{"5":0.05554538,"6":0.9444546},{"5":0.06098175,"6":0.9390182},{"5":0.05942004,"6":0.94058},{"5":0.06622809,"6":0.9337719},{"5":0.05611383,"6":0.9438861},{"5":0.05778479,"6":0.9422153},{"5":0.05126434,"6":0.9487356},{"5":0.05898094,"6":0.9410191},{"1":0.1809129,"2":0.4038575,"3":0.3329418,"4":0.08228778},{"1":0.1228491,"2":0.491609,"3":0.3245633,"4":0.06097853},{"1":0.1564432,"2":0.442839,"3":0.2941754,"4":0.1065423},{"1":0.4743298,"2":0.3334971,"3":0.192173},{"1":0.5135324,"2":0.1531537,"3":0.1137657,"4":0.2195482},{"1":0.4225944,"2":0.4641069,"3":0.1132988},{"10":0.8313308,"11":0.1686692},{"10":0.8635513,"11":0.1364486},{"10":0.969352,"11":0.03064793},{"10":0.9836351,"11":0.01636481},{"10":0.7660718,"11":0.2339282},{"10":0.9661588,"11":0.03384119},{"10":0.126582,"11":0.8734179},{"10":0.1454725,"11":0.8545275},{"10":0.09071946,"11":0.9092805},{"10":0.07159364,"11":0.9284064},{"10":0.1120839,"11":0.8879161},{"10":0.1299177,"11":0.8700823},{"0":0.4261716,"1":0.05678641,"4":0.0933541,"10":0.4161844,"13":0.00750339},{"0":0.4380298,"1":0.03694534,"4":0.06801676,"10":0.4541072,"13":0.002900898},{"0":0.4449579,"1":0.03606903,"4":0.06970888,"10":0.4244036,"13":0.02486056},{"0":0.6323207,"1":0.1390618,"4":0.1867153,"10":0.04190224},{"0":0.7477351,"1":0.1345562,"4":0.0544368,"10":0.06327182},{"0":0.4204172,"1":0.5795828},{"0":0.3870549,"1":0.2250857,"4":0.3573698,"10":0.03048938},{"1":0.1812953,"2":0.06247943,"4":0.7562252},{"1":1},{"0":0.1054161,"1":0.2486773,"4":0.6459065},{"1":0.6457303,"2":0.2833409,"4":0.07092869},{"0":0.1312333,"1":0.84318,"7":0.02558672},{"0":0.1372464,"1":0.1070835,"4":0.75567},{"1":0.8056035,"2":0.1338374,"3":0.06055915},{"0":0.4301362,"10":0.5139825,"13":0.05588126},{"0":0.3801116,"4":0.004233777,"10":0.6007956,"13":0.01485902},{"0":0.8564738,"1":0.06838804,"4":0.02108937,"10":0.05404877},{"0":0.1267615,"1":0.8732385},{"1":0.497214,"2":0.3404015,"3":0.1623845},{"5":0.9413591,"6":0.05864101},{"5":0.661024,"6":0.338976},{"5":0.7824745,"6":0.2175256},{"5":0.7974086,"6":0.2025914},{"5":0.6414125,"6":0.3585875},{"5":0.7858289,"6":0.2141711},{"5":0.5799931,"6":0.4200068},{"4":1},{"5":1},{"4":1},{"5":1},{"1":0.03704398,"4":0.962956},{"4":0.8382911,"5":0.1617089},{"4":0.3723486,"5":0.6276515},{"4":0.1397445,"5":0.8602555},{"4":0.5132103,"5":0.4867897},{"4":0.8627527,"5":0.1372473},{"4":0.6617056,"5":0.3382944},{"4":0.1917994,"5":0.8082006},{"4":0.6800146,"5":0.3199855},{"4":0.721428,"5":0.2785721},{"4":0.4125282,"5":0.5874719},{"4":0.1549593,"5":0.8450407},{"4":0.5375193,"5":0.4624807},{"4":1},{"4":1},{"4":1},{"4":1},{"0":0.02187448,"1":0.04445672,"4":0.9336687},{"0":0.04325598,"1":0.02400726,"4":0.9327367},{"4":1},{"4":1},{"4":0.9741212,"5":0.02587872},{"4":0.8758219,"5":0.1241781},{"4":0.901985,"5":0.09801501},{"4":0.8478497,"5":0.1521503},{"4":0.1165589,"5":0.8834412},{"4":0.1979692,"5":0.8020308},{"4":0.1291685,"5":0.8708314},{"5":1},{"5":1},{"5":1},{"0":0.3684431,"1":0.01230847,"4":0.0461812,"10":0.5639991,"13":0.009067952},{"0":0.3667937,"1":0.005527198,"4":0.03289645,"10":0.5902069,"13":0.004575669},{"0":0.4056166,"1":0.001683294,"4":0.0245288,"10":0.5388691,"13":0.02930223},{"0":0.4422477,"10":0.4952322,"13":0.06252002},{"0":0.3686594,"4":0.005375325,"10":0.6131546,"13":0.01281058},{"0":0.4104393,"1":0.005787193,"4":0.03152722,"10":0.5222055,"13":0.03004062},{"0":0.4414704,"10":0.4971397,"13":0.06138992},{"0":0.3766955,"1":0.01846122,"4":0.05449801,"10":0.5408612,"13":0.009484112},{"0":0.3685043,"4":0.005364596,"10":0.6133616,"13":0.0127694},{"0":0.376953,"1":0.009723007,"4":0.03963708,"10":0.5687191,"13":0.004967749},{"5":0.4980053,"6":0.5019946},{"5":0.9466643,"6":0.05333566},{"5":0.9407125,"6":0.05928748},{"5":0.8732146,"6":0.1267853},{"5":0.7945867,"6":0.2054134},{"5":0.9839888,"6":0.01601111},{"5":0.4872148,"6":0.5127853},{"5":0.6577957,"6":0.3422043},{"5":0.7960029,"6":0.203997},{"5":0.8496098,"6":0.1503902},{"5":0.6933621,"6":0.3066379},{"5":0.8169404,"6":0.1830596},{"5":0.6905391,"6":0.3094609},{"5":0.932253,"6":0.06774693},{"5":0.9076257,"6":0.09237432},{"5":0.8510545,"6":0.1489455},{"5":0.6936049,"6":0.3063951},{"5":0.9429132,"6":0.0570867},{"1":0.4758915,"2":0.3686667,"3":0.08978098,"7":0.06566101},{"1":0.5247066,"2":0.3086025,"3":0.06362521,"7":0.1030657},{"0":0.7183651,"1":0.08939921,"4":0.1079701,"10":0.08426547},{"0":0.5614858,"10":0.3402686,"13":0.09824544},{"0":0.5672724,"10":0.3326017,"13":0.1001259},{"2":0.05488324,"3":0.9451168},{"3":1},{"2":0.05335688,"3":0.9466431},{"2":0.07519757,"3":0.9248024},{"3":1},{"1":0.06941515,"2":0.2671222,"3":0.6547293,"7":0.008733272},{"1":0.1052873,"2":0.2491144,"3":0.6455984},{"2":0.02848446,"3":0.9715155},{"3":1},{"2":0.000450624,"3":0.9995493},{"2":0.05417788,"3":0.9458222},{"2":0.01023268,"3":0.9897673},{"3":1},{"2":0.08866769,"3":0.9113323},{"1":0.09176039,"2":0.3308578,"3":0.5773818},{"1":0.07858455,"2":0.2430099,"3":0.6650239,"7":0.0133816},{"1":0.1370443,"2":0.2873686,"3":0.5755871},{"1":0.0345357,"2":0.160171,"3":0.8052932},{"2":0.0638132,"3":0.9361869},{"1":0.03770095,"2":0.1355149,"3":0.8267841},{"1":0.01399946,"2":0.1180634,"3":0.867937},{"3":1},{"2":0.06421202,"3":0.935788},{"1":0.02289474,"2":0.2941934,"3":0.6829119},{"2":0.007861673,"3":0.9921383},{"2":0.02405792,"3":0.9759421},{"1":0.0533266,"2":0.1950102,"3":0.7516632},{"2":0.04462677,"3":0.9553732},{"1":0.03243798,"2":0.1373386,"3":0.8302234},{"2":0.002404093,"3":0.9975959},{"1":0.02400499,"2":0.3323171,"3":0.6436779},{"1":0.01103794,"2":0.1430693,"3":0.8458927},{"1":0.007599115,"2":0.1087694,"3":0.8836315},{"0":0.3606735,"10":0.008181691,"13":0.6311448},{"0":0.3893774,"13":0.6106227},{"1":0.817977,"2":0.04131579,"3":0.01964688,"4":0.06063157,"7":0.06042867},{"0":0.8011785,"10":0.09941077,"13":0.09941083},{"0":0.9467766,"1":0.05322337},{"0":0.0717265,"1":0.8552858,"4":0.0376181,"7":0.03536957},{"1":0.7919844,"2":0.1312804,"3":0.07673507},{"0":0.3923271,"10":0.05446219,"13":0.5532106},{"0":0.3663398,"10":0.01692342,"13":0.6167368},{"0":0.8740186,"1":0.06723874,"7":0.01015579,"13":0.04858684},{"0":0.8550842,"1":0.06034284,"4":0.00629425,"7":0.006287455,"10":0.0359956,"13":0.0359956},{"0":0.1214891,"1":0.8785109},{"0":0.05103456,"13":0.9489655},{"0":0.05068266,"13":0.9493173},{"0":0.5318211,"10":0.2340894,"13":0.2340894},{"0":0.6570307,"10":0.1714846,"13":0.1714846},{"0":0.1676417,"10":0.05654722,"13":0.7758111},{"0":0.1935793,"10":0.03784269,"13":0.768578},{"14":1},{"14":0.9600076,"15":0.03999233},{"14":1},{"14":0.9242609,"15":0.07573914},{"13":0.5175287,"14":0.4824714},{"13":0.8104805,"14":0.1895195},{"13":0.6328594,"14":0.3671407},{"13":0.7910367,"14":0.2089633},{"13":1},{"0":0.01641899,"13":0.983581},{"0":0.02216684,"13":0.9778332},{"13":1},{"0":0.5127999,"13":0.4872001},{"1":0.4131879,"2":0.4686084,"3":0.07990908,"4":0.01922422,"7":0.0190702},{"1":0.4487315,"2":0.3073062,"3":0.1472173,"7":0.09674507},{"0":0.02374184,"13":0.9762582},{"0":0.6242995,"10":0.1878502,"13":0.1878502},{"0":0.2966457,"10":0.08825528,"13":0.6150991},{"14":1},{"14":0.9596277,"15":0.04037231},{"13":0.78333,"14":0.2166699},{"13":0.4048141,"14":0.5951859},{"0":0.05207312,"13":0.9468746,"14":0.00105232},{"13":1},{"14":0.9697176,"15":0.03028237},{"14":0.7767942,"15":0.2232058},{"14":0.9434923,"15":0.0565077},{"14":0.7566737,"15":0.2433263},{"14":0.8165706,"15":0.1834295},{"14":0.8486172,"15":0.1513828},{"14":0.8172241,"15":0.1827759},{"14":0.07926857,"15":0.9207314},{"14":0.7561665,"15":0.2438335},{"14":0.1010483,"15":0.8989517},{"14":0.1979725,"15":0.8020275},{"14":0.2282129,"15":0.7717871},{"15":1},{"15":1},{"15":1},{"15":1},{"15":1},{"15":1},{"15":1},{"15":1},{"14":0.04210811,"15":0.9578918},{"14":0.04271489,"15":0.9572851},{"14":0.1074578,"15":0.8925422},{"14":0.08918523,"15":0.9108147},{"14":0.1174513,"15":0.8825488},{"14":0.1115728,"15":0.8884273},{"14":0.4001977,"15":0.5998023},{"14":0.2373634,"15":0.7626366},{"14":0.4764969,"15":0.5235031},{"14":0.4486624,"15":0.5513377},{"15":1},{"15":1},{"14":0.1153674,"15":0.8846327},{"14":0.03371757,"15":0.9662824},{"15":1},{"14":0.5587309,"15":0.4412692},{"14":0.563297,"15":0.436703},{"15":1},{"14":0.05464071,"15":0.9453592},{"14":0.1257417,"15":0.8742582},{"8":0.6423127,"9":0.3576872},{"8":0.7514598,"9":0.2485402},{"8":0.7232506,"9":0.2767494},{"8":0.5557696,"9":0.4442304},{"8":0.7767277,"9":0.2232723},{"8":0.3678582,"9":0.6321418},{"9":1},{"9":1},{"9":1},{"9":1},{"9":1},{"9":1},{"9":1},{"9":1},{"9":1},{"9":1},{"9":1},{"9":1},{"8":0.09370326,"9":0.9062968},{"8":0.1022095,"9":0.8977906},{"8":0.09635466,"9":0.9036453},{"8":0.0952537,"9":0.9047464},{"8":0.002069532,"9":0.9979304},{"8":0.05938166,"9":0.9406183},{"8":0.1873019,"9":0.8126981},{"8":0.171765,"9":0.828235},{"8":0.1494081,"9":0.850592},{"8":0.026039,"9":0.973961},{"8":0.01203727,"9":0.9879627},{"9":1},{"8":0.07948607,"9":0.920514},{"8":0.06110733,"9":0.9388927},{"8":0.05554538,"9":0.9444546},{"8":0.06098175,"9":0.9390183},{"8":0.05942004,"9":0.9405799},{"8":0.06622809,"9":0.9337719},{"8":0.05611389,"9":0.9438862},{"8":0.05778479,"9":0.9422152},{"8":0.05126434,"9":0.9487357},{"8":0.05898094,"9":0.9410191},{"1":0.1806075,"2":0.4051937,"3":0.3330137,"7":0.08118504},{"1":0.2353956,"2":0.4247641,"3":0.3398403},{"1":0.122308,"2":0.4947662,"3":0.3264837,"7":0.05644214},{"1":0.1515032,"2":0.5386123,"3":0.3098846},{"1":0.1701405,"2":0.5006317,"3":0.3292278},{"1":0.7273944,"2":0.1330255,"3":0.1051072,"4":0.01744222,"7":0.01703071},{"1":0.4902752,"2":0.325923,"3":0.1838017},{"1":0.6613525,"2":0.1945849,"3":0.1440626},{"1":0.4230791,"2":0.4630451,"3":0.1138758},{"13":0.8313308,"14":0.1686692},{"13":0.8635513,"14":0.1364486},{"13":0.969352,"14":0.03064793},{"13":0.9836351,"14":0.01636475},{"13":0.7660717,"14":0.2339282},{"13":0.9661588,"14":0.03384119},{"13":0.126582,"14":0.873418},{"13":0.1454725,"14":0.8545275},{"13":0.09071946,"14":0.9092805},{"13":0.07159364,"14":0.9284064},{"13":0.1120839,"14":0.8879161},{"13":0.1299177,"14":0.8700823},{"0":0.4261719,"1":0.05679064,"7":0.09334921,"10":0.00750339,"13":0.4161848},{"0":0.4380286,"1":0.03695285,"7":0.06801164,"10":0.002900898,"13":0.4541059},{"0":0.4449564,"1":0.03607624,"7":0.06970453,"10":0.02486044,"13":0.4244022},{"0":0.6123966,"1":0.1346924,"7":0.212329,"13":0.04058194},{"0":0.5967783,"1":0.1074048,"7":0.2453186,"13":0.05049818},{"0":0.2530853,"1":0.3490382,"7":0.3978766},{"0":0.4166954,"1":0.2423325,"7":0.3081479,"13":0.03282421},{"1":0.3299443,"2":0.1094767,"7":0.5605791},{"1":0.3181803,"7":0.6818197},{"0":0.1383445,"1":0.3264402,"7":0.5352152},{"1":0.6964551,"2":0.3035449},{"0":0.105476,"1":0.6778255,"4":0.02061361,"7":0.1960849},{"0":0.1687105,"1":0.1316499,"7":0.6996396},{"1":0.8053215,"2":0.1339906,"3":0.06068778},{"0":0.4301362,"10":0.05588126,"13":0.5139825},{"0":0.3801136,"7":0.004228591,"10":0.01485913,"13":0.6007987},{"0":0.8564868,"1":0.06839561,"7":0.02106785,"13":0.05404961},{"0":0.1267464,"1":0.8732536},{"1":0.3811821,"2":0.2519804,"3":0.1191118,"7":0.2477256},{"8":0.9413591,"9":0.05864095},{"8":0.661024,"9":0.338976},{"8":0.7824745,"9":0.2175255},{"8":0.7974086,"9":0.2025914},{"8":0.6414125,"9":0.3585875},{"8":0.7858288,"9":0.2141711},{"8":0.5799932,"9":0.4200068},{"7":1},{"8":1},{"7":1},{"8":1},{"1":0.03753083,"7":0.9624692},{"7":0.838291,"8":0.161709},{"7":0.3723484,"8":0.6276515},{"7":0.1397445,"8":0.8602556},{"7":0.5132102,"8":0.4867898},{"7":0.8627526,"8":0.1372473},{"7":0.6617057,"8":0.3382943},{"7":0.1917994,"8":0.8082006},{"7":0.6800146,"8":0.3199855},{"7":0.721428,"8":0.278572},{"7":0.4125283,"8":0.5874718},{"7":0.1549593,"8":0.8450407},{"7":0.5375193,"8":0.4624807},{"7":1},{"7":1},{"7":1},{"7":1},{"0":0.02304863,"1":0.04689824,"7":0.9300531},{"0":0.04652971,"1":0.02583676,"7":0.9276334},{"7":1},{"7":1},{"7":0.9741213,"8":0.02587872},{"7":0.8758218,"8":0.1241781},{"7":0.901985,"8":0.09801506},{"7":0.8478497,"8":0.1521503},{"7":0.1165588,"8":0.8834412},{"7":0.1979692,"8":0.8020308},{"7":0.1291686,"8":0.8708314},{"8":1},{"8":1},{"8":1},{"0":0.3684436,"1":0.01231342,"7":0.04617506,"10":0.009067952,"13":0.5639998},{"0":0.3667942,"1":0.005531966,"7":0.0328902,"10":0.004575669,"13":0.5902078},{"0":0.4069442,"1":0.001692891,"7":0.02460396,"10":0.02939814,"13":0.5373609},{"0":0.4422477,"10":0.06252002,"13":0.4952322},{"0":0.3686612,"7":0.005370318,"10":0.01281064,"13":0.6131577},{"0":0.4104397,"1":0.005791604,"7":0.03152185,"10":0.03004068,"13":0.5222061},{"0":0.4414704,"10":0.06138986,"13":0.4971397},{"0":0.3766947,"1":0.01846653,"7":0.05449455,"10":0.009484052,"13":0.5408601},{"0":0.3685061,"7":0.005359649,"10":0.01276952,"13":0.6133646},{"0":0.3769536,"1":0.009728193,"7":0.03963035,"10":0.004967749,"13":0.56872},{"8":0.4980054,"9":0.5019946},{"8":0.9466643,"9":0.05333566},{"8":0.9407125,"9":0.05928748},{"8":0.8732146,"9":0.1267853},{"8":0.7945867,"9":0.2054133},{"8":0.9839888,"9":0.01601111},{"8":0.4872148,"9":0.5127852},{"8":0.6577957,"9":0.3422043},{"8":0.7960029,"9":0.203997},{"8":0.8496098,"9":0.1503902},{"8":0.6933621,"9":0.3066378},{"8":0.8169403,"9":0.1830596},{"8":0.6905391,"9":0.3094609},{"8":0.932253,"9":0.06774693},{"8":0.9076257,"9":0.09237432},{"8":0.8510545,"9":0.1489455},{"8":0.6936049,"9":0.3063951},{"8":0.9429132,"9":0.0570867},{"1":0.4763165,"2":0.3677744,"3":0.09002256,"4":0.06588649},{"1":0.4473149,"2":0.2618521,"3":0.05403733,"4":0.08773702,"7":0.1490586},{"0":0.7182189,"1":0.08938783,"7":0.1081448,"13":0.08424836},{"1":0.4173199,"2":0.3174037,"3":0.06021296,"4":0.08660453,"7":0.1184588},{"0":0.09922862,"1":0.8361801,"2":0.00407201,"7":0.06051915},{"1":0.3973899,"2":0.2212295,"3":0.04143446,"4":0.1700752,"7":0.1698709},{"0":0.7302672,"10":0.1348663,"13":0.1348664},{"0":0.7105093,"10":0.1447454,"13":0.1447454},{"0":0.5614858,"10":0.09824544,"13":0.3402687},{"0":0.5672724,"10":0.1001259,"13":0.3326017},{"3":1},{"3":1},{"3":1},{"3":1},{"3":1},{"3":1},{"3":1},{"3":1},{"3":1},{"3":1},{"3":1},{"3":1},{"3":1},{"3":1},{"3":1},{"3":1},{"3":1},{"3":1},{"3":1},{"3":1},{"3":1},{"3":1},{"3":1},{"3":1},{"3":1},{"3":1},{"3":1},{"3":1},{"3":1},{"3":1},{"3":1},{"3":1},{"3":1},{"3":1},{"3":1},{"3":1},{"3":1},{"3":1},{"3":1},{"3":1},{"3":1},{"3":1},{"3":1},{"3":1},{"3":1},{"3":1},{"3":1},{"3":1},{"3":1},{"3":1},{"3":1},{"3":1},{"3":1},{"3":1},{"3":1},{"3":1},{"3":1},{"3":1},{"3":1},{"3":1},{"3":1},{"3":1},{"3":1},{"3":1},{"3":1},{"3":1},{"3":1},{"3":1},{"3":1},{"3":1},{"3":1},{"3":1},{"3":1}],"jointNamePositionIndex":{"Torso":0,"Chest":1,"Neck":2,"Head":3,"Upper_Arm_L":4,"Lower_Arm_L":5,"Hand_L":6,"Upper_Arm_R":7,"Lower_Arm_R":8,"Hand_R":9,"Upper_Leg_L":10,"Lower_Leg_L":11,"Foot_L":12,"Upper_Leg_R":13,"Lower_Leg_R":14,"Foot_R":15},"keyframes":{"0":[[1,0,0,0,0,1,0,0,0,0,1,0,0,0,0.6,1],[0.999305,0.015203,-0.034047,0,-0.010069,0.989208,0.14617,0,0.035902,-0.145725,0.988673,0,-0.169357,0.68246,0.667137,1],[0.999305,0.015203,-0.034047,0,-0.010069,0.989208,0.14617,0,0.035902,-0.145725,0.988673,0,-0.169357,0.68246,0.667138,1],[0.999305,0.015203,-0.034047,0,-0.010069,0.989208,0.14617,0,0.035902,-0.145725,0.988673,0,-0.169357,0.68246,0.667138,1],[0.897529,-0.008025,-0.440882,0,0.407547,0.396847,0.822446,0,0.168363,-0.91785,0.359452,0,-0.848836,4.982915,4.385425,1],[0.743665,-0.360697,-0.562905,0,0.164735,0.914876,-0.368598,0,0.647939,0.181384,0.739779,0,-2.542632,0.787776,3.332814,1],[0.774053,-0.516828,-0.365694,0,-0.038676,0.537927,-0.842104,0,0.631939,0.665976,0.396395,0,-2.567992,-0.502166,4.013729,1],[0.886181,0.317337,0.337609,0,-0.169852,0.900413,-0.400508,0,-0.431083,0.297579,0.85183,0,2.289094,-1.441062,1.824594,1],[0.618564,0.451765,-0.642874,0,-0.358661,-0.565628,-0.742581,0,-0.6991,0.689908,-0.187847,0,3.005881,-2.442507,4.594415,1],[0.518605,0.824431,-0.226633,0,0.522025,-0.515231,-0.679725,0,-0.677155,0.234201,-0.697575,0,2.733098,-0.023875,7.298607,1],[1,0,0,0,0,0.460049,-0.887896,0,0,0.88789,0.460051,0,0.000001,-2.799526,2.429252,1],[1,0,0,0,0,0.771328,-0.636439,0,0,0.636435,0.771329,0,0.000001,-2.312552,1.825779,1],[1,0,0,0,0,0.438089,-0.898934,0,0,0.898928,0.438091,0,0.000001,-2.372865,2.024365,1],[1,0,0,0,0,0.638193,0.76988,0,0,-0.769874,0.638191,0,0.000001,2.513942,1.683468,1],[1,0,0,0,0,-0.185453,0.982656,0,0,-0.98265,-0.185455,0,0.000001,2.927106,3.279376,1],[1,0,0,0,-0.000001,-0.884999,0.465594,0,0,-0.465592,-0.884999,0,0.000001,2.815976,3.690203,1]],"0.2083333":[[1,0,0,0,0,1,0,0,0,0,1,0,0,0,0,1],[0.999826,0.006142,-0.017606,0,-0.00505,0.9981,0.061412,0,0.01795,-0.061312,0.997957,0,-0.084675,0.28739,0.015468,1],[0.999826,0.006142,-0.017606,0,-0.00505,0.9981,0.061412,0,0.01795,-0.061312,0.997957,0,-0.084675,0.28739,0.015469,1],[0.999826,0.006142,-0.017606,0,-0.00505,0.9981,0.061412,0,0.01795,-0.061312,0.997957,0,-0.084675,0.28739,0.01547,1],[0.741352,-0.557195,-0.374074,0,0.663485,0.692322,0.283684,0,0.100912,-0.458503,0.882945,0,-0.381048,3.009804,0.94373,1],[0.489252,-0.846523,-0.209839,0,0.265354,0.37368,-0.888792,0,0.830794,0.379162,0.407451,0,-2.918558,0.057324,3.013633,1],[0.531722,-0.845977,0.039937,0,-0.123138,-0.123878,-0.984628,0,0.837919,0.51863,-0.170041,0,-3.058076,-0.436408,4.379284,1],[0.900533,0.246772,0.357971,0,-0.350977,0.898539,0.26352,0,-0.256621,-0.362948,0.895776,0,1.362027,2.165091,0.894058,1],[0.631493,0.732509,-0.25426,0,-0.417393,0.044791,-0.907621,0,-0.653452,0.679282,0.33403,0,2.58837,-1.150785,2.530492,1],[0.569236,0.761852,0.309115,0,0.466018,0.010768,-0.884709,0,-0.677346,0.647662,-0.348907,0,2.559286,-0.976321,6.164437,1],[1,0,0,0,0,0.996104,-0.088186,0,0,0.088185,0.996104,0,0,-0.283233,0.021724,1],[1,0,0,0,0,0.999744,0.022634,0,0,-0.022634,0.999744,0,0,-0.068483,0.014559,1],[1,0,0,0,0,0.998677,0.051427,0,0,-0.051426,0.998676,0,0,-0.055172,0.009922,1],[1,0,0,0,0,0.901336,-0.433121,0,0,0.433119,0.901337,0,0,-1.382798,0.362492,1],[0.907326,0.077714,-0.413182,0,0.337442,0.451607,0.825948,0,0.250783,-0.888823,0.383529,0,-0.540223,1.224609,1.124373,1],[0.907327,0.154578,-0.390979,0,0.380486,0.093718,0.92003,0,0.178858,-0.983522,0.026216,0,-0.515106,1.372764,1.282394,1]],"0.4166666":[[1,0,0,0,0,1,0,0,0,0,1,0,0,0,0.6,1],[1,0,0,0,0,0.989757,0.14276,0,0,-0.14276,0.989757,0,0,0.668606,0.661726,1],[1,0,0,0,0,0.989757,0.14276,0,0,-0.14276,0.989757,0,0,0.668606,0.661727,1],[1,0,0,0,0,0.989757,0.14276,0,0,-0.14276,0.989757,0,0,0.668606,0.661728,1],[0.502181,-0.862358,-0.064456,0,0.835237,0.502997,-0.222199,0,0.224036,0.057747,0.972869,0,-0.864086,0.435361,0.85901,1],[0.228482,-0.938361,0.259375,0,0.164209,-0.22546,-0.960314,0,0.959599,0.262006,0.102574,0,-3.307752,-0.085416,4.196249,1],[0.318295,-0.824815,0.4673,0,-0.340081,-0.559474,-0.755866,0,0.884891,0.081668,-0.458582,0,-3.28593,0.24532,5.616944,1],[0.929897,0.129028,0.344447,0,-0.367817,0.330153,0.869316,0,-0.001553,-0.935067,0.354467,0,-0.010348,5.185261,4.349058,1],[0.681891,0.706111,0.19087,0,-0.567718,0.675453,-0.470595,0,-0.461216,0.212534,0.861457,0,1.55957,1.235391,2.309163,1],[0.732107,0.31832,0.602239,0,0.2871,0.657549,-0.696565,0,-0.617732,0.682863,0.390006,0,2.242023,-1.266883,4.860581,1],[1,0,0,0,0,0.712304,0.701874,0,0,-0.70187,0.712302,0,-0.000001,2.287486,1.452185,1],[1,0,0,0,0,0.044422,0.999016,0,0,-0.99901,0.04442,0,-0.000001,2.86398,2.746158,1],[1,0,0,0,0,0.044422,0.999016,0,0.000001,-0.99901,0.04442,0,-0.000001,2.863979,2.746157,1],[1,0,0,0,0,0.454462,-0.890768,0,0,0.890763,0.454464,0,-0.000001,-2.808181,2.44752,1],[1,0,0,0,0,0.736357,-0.676595,0,0,0.67659,0.736359,0,-0.000001,-2.393428,1.901028,1],[1,0,0,0,0,0.321318,-0.946974,0,0,0.946968,0.32132,0,-0.000001,-2.442775,2.138295,1]],"0.625":[[1,0,0,0,0,1,0,0,0,0,1,0,0,0,0,1],[0.999826,0.0066,-0.01744,0,-0.00505,0.996158,0.08743,0,0.01795,-0.087326,0.996018,0,-0.084675,0.409219,0.027058,1],[0.999826,0.0066,-0.01744,0,-0.00505,0.996158,0.08743,0,0.01795,-0.087326,0.996018,0,-0.084675,0.409219,0.027059,1],[0.999826,0.0066,-0.01744,0,-0.00505,0.996158,0.08743,0,0.01795,-0.087326,0.996018,0,-0.084675,0.409219,0.027059,1],[0.741352,-0.547246,-0.388483,0,0.663485,0.684686,0.30165,0,0.100912,-0.481382,0.870683,0,-0.381048,3.106489,1.026027,1],[0.489252,-0.840761,-0.231852,0,0.265354,0.39674,-0.878741,0,0.830794,0.368403,0.417204,0,-2.918558,0.101013,3.0182,1],[0.531722,-0.846731,0.017853,0,-0.123138,-0.098149,-0.987524,0,0.837919,0.52289,-0.156452,0,-3.058076,-0.428179,4.370506,1],[0.900533,0.237349,0.364287,0,-0.350977,0.891359,0.286871,0,-0.256621,-0.386194,0.886002,0,1.362028,2.263359,0.954334,1],[0.631493,0.738893,-0.235063,0,-0.417393,0.068454,-0.906144,0,-0.653452,0.670337,0.351637,0,2.58837,-1.09408,2.503706,1],[0.569236,0.753528,0.328886,0,0.466018,0.033845,-0.884127,0,-0.677346,0.656544,-0.331891,0,2.559286,-1.014479,6.140965,1],[1,0,0,0,0,0.914493,-0.404602,0,0,0.404599,0.914494,0,0,-1.292441,0.317199,1],[1,0,0.000001,0,0,0.389679,0.920954,0,0,-0.920948,0.389677,0,-0.000001,1.276835,1.332889,1],[1,0,0.000001,0,0,0.145685,0.989335,0,0.000001,-0.989328,0.145682,0,-0.000001,1.351423,1.431914,1],[1,0,0,0,0,0.993935,-0.109966,0,0,0.109966,0.993935,0,0,-0.353062,0.03097,1],[1,0,0,0,0,0.993849,0.110744,0,0,-0.110743,0.993849,0,0,0.074644,0.030914,1],[1,0,0,0,0,0.998961,-0.045576,0,0,0.045576,0.998961,0,0,0.002495,0.056407,1]],"0.8333333":[[1,0,0,0,0,1,0,0,0,0,1,0,0,0,0.6,1],[0.999305,0.015203,-0.034047,0,-0.010069,0.989208,0.14617,0,0.035902,-0.145725,0.988673,0,-0.169357,0.68246,0.667137,1],[0.999305,0.015203,-0.034047,0,-0.010069,0.989208,0.14617,0,0.035902,-0.145725,0.988673,0,-0.169357,0.68246,0.667138,1],[0.999305,0.015203,-0.034047,0,-0.010069,0.989208,0.14617,0,0.035902,-0.145725,0.988673,0,-0.169357,0.68246,0.667138,1],[0.897529,-0.008025,-0.440882,0,0.407547,0.396847,0.822446,0,0.168363,-0.91785,0.359452,0,-0.848836,4.982915,4.385425,1],[0.743665,-0.360697,-0.562905,0,0.164735,0.914876,-0.368598,0,0.647939,0.181384,0.739779,0,-2.542632,0.787776,3.332814,1],[0.774053,-0.516828,-0.365694,0,-0.038676,0.537927,-0.842104,0,0.631939,0.665976,0.396395,0,-2.567992,-0.502166,4.013729,1],[0.886181,0.317337,0.337609,0,-0.169852,0.900413,-0.400508,0,-0.431083,0.297579,0.85183,0,2.289094,-1.441062,1.824594,1],[0.618564,0.451765,-0.642874,0,-0.358661,-0.565628,-0.742581,0,-0.6991,0.689908,-0.187847,0,3.005881,-2.442507,4.594415,1],[0.518605,0.824431,-0.226633,0,0.522025,-0.515231,-0.679725,0,-0.677155,0.234201,-0.697575,0,2.733098,-0.023875,7.298607,1],[1,0,0,0,0,0.460049,-0.887896,0,0,0.88789,0.460051,0,0.000001,-2.799526,2.429252,1],[1,0,0,0,0,0.771328,-0.636439,0,0,0.636435,0.771329,0,0.000001,-2.312552,1.825779,1],[1,0,0,0,0,0.438089,-0.898934,0,0,0.898928,0.438091,0,0.000001,-2.372865,2.024365,1],[1,0,0,0,0,0.638193,0.76988,0,0,-0.769874,0.638191,0,0.000001,2.513942,1.683468,1],[1,0,0,0,0,-0.185453,0.982656,0,0,-0.98265,-0.185455,0,0.000001,2.927106,3.279376,1],[1,0,0,0,-0.000001,-0.884999,0.465594,0,0,-0.465592,-0.884999,0,0.000001,2.815976,3.690203,1]]},"vertexNormalIndices":[0,0,0,1,1,1,2,2,2,3,3,3,4,4,4,5,5,5,6,6,6,7,7,7,8,8,8,9,9,9,10,10,10,11,11,11,12,12,12,13,13,13,14,14,14,15,15,15,16,16,16,17,17,17,18,18,18,19,19,19,20,20,20,21,21,21,22,22,22,23,23,23,24,24,24,25,25,25,26,26,26,27,27,27,28,28,28,29,29,29,30,30,30,31,31,31,32,32,32,33,33,33,34,34,34,35,35,35,36,36,36,37,37,37,38,38,38,39,39,39,40,40,40,41,41,41,42,42,42,43,43,43,44,44,44,45,45,45,46,46,46,47,47,47,48,48,48,49,49,49,50,50,50,51,51,51,52,52,52,53,53,53,54,54,54,55,55,55,56,56,56,57,57,57,58,58,58,59,59,59,60,60,60,61,61,61,62,62,62,63,63,63,64,64,64,65,65,65,66,66,66,67,67,67,68,68,68,69,69,69,70,70,70,71,71,71,72,72,72,73,73,73,74,74,74,75,75,75,76,76,76,77,77,77,78,78,78,79,79,79,80,80,80,81,81,81,82,82,82,83,83,83,84,84,84,85,85,85,86,86,86,87,87,87,88,88,88,89,89,89,90,90,90,91,91,91,92,92,92,93,93,93,94,94,94,95,95,95,96,96,96,97,97,97,98,98,98,99,99,99,100,100,100,101,101,101,102,102,102,103,103,103,104,104,104,105,105,105,106,106,106,107,107,107,108,108,108,109,109,109,110,110,110,111,111,111,112,112,112,113,113,113,114,114,114,115,115,115,116,116,116,117,117,117,118,118,118,119,119,119,120,120,120,121,121,121,122,122,122,123,123,123,124,124,124,125,125,125,126,126,126,127,127,127,128,128,128,129,129,129,130,130,130,131,131,131,132,132,132,133,133,133,134,134,134,135,135,135,136,136,136,137,137,137,138,138,138,139,139,139,140,140,140,141,141,141,142,142,142,143,143,143,144,144,144,145,145,145,146,146,146,147,147,147,148,148,148,149,149,149,150,150,150,151,151,151,152,152,152,153,153,153,154,154,154,155,155,155,156,156,156,157,157,157,158,158,158,159,159,159,160,160,160,161,161,161,162,162,162,163,163,163,164,164,164,165,165,165,166,166,166,167,167,167,168,168,168,169,169,169,170,170,170,171,171,171,172,172,172,173,173,173,174,174,174,175,175,175,176,176,176,177,177,177,178,178,178,179,179,179,180,180,180,181,181,181,182,182,182,183,183,183,184,184,184,184,184,184,185,185,185,186,186,186,187,187,187,188,188,188,189,189,189,190,190,190,191,191,191,192,192,192,193,193,193,194,194,194,195,195,195,196,196,196,197,197,197,198,198,198,199,199,199,200,200,200,201,201,201,202,202,202,203,203,203,204,204,204,205,205,205,206,206,206,207,207,207,208,208,208,209,209,209,210,210,210,211,211,211,212,212,212,213,213,213,214,214,214,215,215,215,216,216,216,217,217,217,218,218,218,219,219,219,220,220,220,221,221,221,222,222,222,223,223,223,224,224,224,225,225,225,226,226,226,227,227,227,228,228,228,229,229,229,230,230,230,231,231,231,232,232,232,233,233,233,234,234,234,235,235,235,236,236,236,237,237,237,238,238,238,239,239,239,240,240,240,241,241,241,242,242,242,243,243,243,244,244,244,245,245,245,246,246,246,247,247,247,248,248,248,249,249,249,250,250,250,251,251,251,252,252,252,253,253,253,254,254,254,255,255,255,256,256,256,257,257,257,258,258,258,259,259,259,260,260,260,261,261,261,262,262,262,263,263,263,264,264,264,265,265,265,266,266,266,267,267,267,268,268,268,269,269,269,270,270,270,271,271,271,272,272,272,273,273,273,274,274,274,275,275,275,276,276,276,277,277,277,278,278,278,279,279,279,280,280,280,281,281,281,282,282,282,283,283,283,284,284,284,285,285,285,286,286,286,287,287,287,288,288,288,289,289,289,290,290,290,291,291,291,292,292,292,293,293,293,294,294,294,295,295,295,296,296,296,297,297,297,298,298,298,299,299,299,300,300,300,301,301,301,302,302,302,303,303,303,304,304,304,305,305,305,306,306,306,307,307,307,308,308,308,309,309,309,310,310,310,311,311,311,312,312,312,313,313,313,314,314,314,315,315,315,316,316,316,317,317,317,318,318,318,319,319,319,320,320,320,321,321,321,322,322,322,323,323,323,324,324,324,325,325,325,326,326,326,327,327,327,328,328,328,329,329,329,330,330,330,331,331,331,332,332,332,333,333,333,334,334,334,335,335,335,336,336,336,337,337,337,338,338,338,339,339,339,340,340,340,341,341,341,342,342,342,343,343,343,344,344,344,345,345,345,346,346,346,347,347,347,348,348,348,349,349,349,350,350,350,351,351,351,352,352,352,353,353,353,354,354,354,355,355,355,356,356,356,357,357,357,358,358,358,359,359,359,360,360,360,361,361,361,362,362,362,363,363,363,364,364,364,365,365,365,366,366,366,367,367,367,368,368,368,369,369,369,370,370,370,371,371,371,372,372,372,373,373,373,374,374,374,375,375,375,376,376,376,377,377,377,378,378,378,379,379,379,380,380,380,381,381,381,382,382,382,383,383,383,384,384,384,385,385,385,386,386,386,387,387,387,388,388,388,389,389,389,390,390,390,391,391,391,392,392,392,393,393,393,394,394,394,395,395,395,396,396,396,397,397,397,398,398,398,399,399,399,400,400,400,401,401,401,402,402,402,403,403,403,404,404,404,405,405,405,406,406,406,407,407,407,408,408,408,409,409,409,410,410,410,411,411,411,412,412,412,413,413,413,414,414,414,415,415,415,416,416,416,417,417,417,418,418,418,184,184,184,419,419,419,420,420,420,421,421,421,422,422,422,423,423,423,424,424,424,425,425,425,426,426,426,427,427,427,428,428,428,429,429,429,430,430,430,431,431,431,432,432,432,433,433,433,434,434,434,435,435,435,436,436,436,437,437,437,438,438,438,439,439,439,184,184,184,184,184,184,184,184,184,184,184,184,440,440,440,441,441,441,442,442,442,443,443,443,444,444,444,445,445,445,446,446,446,447,447,447,448,448,448,449,449,449,450,450,450,451,451,451,452,452,452,453,453,453,454,454,454,455,455,455,456,456,456,457,457,457,458,458,458,459,459,459,460,460,460,461,461,461,462,462,462,463,463,463,464,464,464,465,465,465,466,466,466,467,467,467,468,468,468,469,469,469,470,470,470,471,471,471,472,472,472,473,473,473,474,474,474,475,475,475,476,476,476,477,477,477,478,478,478,479,479,479,480,480,480,481,481,481,482,482,482,483,483,483,484,484,484,485,485,485,486,486,486,487,487,487,488,488,488,489,489,489,490,490,490,491,491,491,492,492,492,493,493,493,494,494,494,495,495,495,496,496,496,497,497,497,498,498,498,499,499,499,500,500,500,501,501,501,502,502,502,503,503,503,504,504,504,505,505,505,506,506,506,507,507,507,508,508,508,509,509,509,510,510,510,511,511,511,512,512,512,513,513,513,514,514,514,515,515,515,516,516,516,517,517,517,518,518,518,519,519,519,520,520,520,521,521,521,522,522,522,523,523,523,524,524,524,525,525,525,526,526,526,527,527,527,528,528,528,529,529,529,530,530,530,531,531,531,532,532,532,533,533,533,534,534,534,535,535,535,536,536,536,537,537,537,538,538,538,539,539,539,540,540,540,541,541,541,542,542,542,543,543,543,544,544,544,545,545,545,546,546,546,547,547,547,548,548,548,549,549,549,550,550,550,551,551,551,552,552,552,553,553,553,554,554,554,555,555,555,556,556,556,557,557,557,558,558,558,559,559,559,560,560,560,561,561,561,562,562,562,563,563,563,564,564,564,565,565,565,566,566,566,567,567,567,568,568,568,569,569,569,570,570,570,571,571,571,572,572,572,573,573,573,574,574,574,575,575,575,576,576,576,577,577,577,578,578,578,579,579,579,580,580,580,581,581,581,582,582,582,583,583,583,584,584,584,585,585,585,586,586,586,587,587,587,588,588,588,589,589,589,590,590,590,591,591,591,592,592,592,593,593,593,594,594,594,595,595,595,596,596,596,597,597,597,598,598,598,599,599,599,600,600,600,601,601,601,602,602,602,603,603,603,604,604,604,605,605,605,606,606,606,607,607,607,608,608,608,609,609,609,610,610,610,611,611,611,612,612,612,613,613,613,614,614,614,615,615,615,616,616,616,617,617,617,618,618,618,619,619,619,620,620,620,621,621,621,622,622,622,623,623,623,624,624,624,625,625,625,626,626,626,627,627,627,628,628,628,629,629,629,630,630,630,631,631,631,632,632,632,633,633,633,634,634,634,635,635,635,636,636,636,637,637,637,638,638,638,639,639,639,640,640,640,641,641,641,642,642,642,643,643,643,644,644,644,645,645,645,646,646,646,647,647,647,648,648,648,649,649,649,650,650,650,651,651,651,652,652,652,653,653,653,654,654,654,655,655,655,656,656,656,657,657,657,658,658,658,659,659,659,660,660,660,661,661,661,662,662,662,663,663,663,664,664,664,665,665,665,666,666,666,667,667,667,668,668,668,669,669,669,670,670,670,671,671,671,672,672,672,673,673,673,674,674,674,675,675,675,676,676,676,677,677,677,678,678,678,679,679,679,680,680,680,681,681,681,682,682,682,683,683,683,684,684,684,685,685,685,686,686,686,687,687,687,688,688,688,689,689,689,690,690,690,691,691,691,692,692,692,693,693,693,694,694,694,695,695,695,696,696,696,697,697,697,698,698,698,699,699,699,700,700,700,701,701,701,702,702,702,703,703,703,704,704,704,705,705,705,706,706,706,707,707,707,708,708,708,709,709,709,710,710,710,711,711,711,712,712,712,713,713,713,714,714,714,715,715,715,716,716,716,717,717,717,718,718,718,719,719,719,720,720,720,721,721,721,722,722,722,723,723,723,724,724,724,725,725,725,726,726,726,727,727,727,728,728,728,729,729,729,730,730,730,731,731,731,732,732,732,733,733,733,734,734,734,735,735,735,736,736,736,737,737,737,738,738,738,739,739,739,740,740,740,741,741,741,742,742,742,743,743,743,744,744,744,745,745,745,746,746,746,747,747,747,748,748,748,749,749,749,750,750,750,751,751,751,752,752,752,753,753,753,754,754,754,755,755,755,756,756,756,757,757,757,758,758,758,759,759,759,760,760,760,761,761,761,762,762,762,763,763,763,764,764,764,765,765,765,766,766,766,767,767,767,768,768,768,769,769,769,770,770,770,771,771,771,772,772,772,773,773,773,774,774,774,775,775,775,776,776,776,777,777,777,778,778,778,779,779,779,780,780,780,781,781,781,782,782,782,783,783,783,784,784,784,785,785,785,786,786,786,787,787,787,788,788,788,789,789,789,790,790,790,791,791,791,792,792,792,793,793,793,794,794,794,795,795,795,796,796,796,797,797,797,798,798,798,799,799,799,800,800,800,801,801,801,802,802,802,803,803,803,804,804,804,805,805,805,806,806,806,807,807,807,808,808,808,809,809,809,810,810,810,811,811,811,812,812,812,813,813,813,814,814,814,815,815,815,816,816,816,817,817,817,818,818,818,819,819,819,820,820,820,821,821,821,822,822,822,823,823,823,824,824,824,825,825,825,826,826,826,827,827,827,828,828,828,829,829,829,830,830,830,831,831,831,832,832,832,833,833,833,834,834,834,835,835,835,836,836,836,837,837,837,838,838,838,839,839,839,840,840,840,841,841,841,842,842,842,843,843,843,844,844,844,845,845,845,846,846,846,847,847,847,848,848,848,849,849,849,850,850,850,851,851,851,852,852,852,853,853,853,854,854,854,855,855,855,856,856,856,857,857,857,858,858,858,859,859,859,860,860,860,861,861,861,862,862,862,863,863,863,864,864,864,865,865,865,866,866,866,867,867,867,868,868,868,869,869,869,870,870,870,871,871,871,872,872,872,873,873,873,874,874,874,184,184,184,875,875,875,876,876,876,877,877,877,878,878,878,879,879,879,880,880,880,881,881,881,882,882,882,883,883,883,884,884,884,885,885,885,886,886,886,887,887,887,888,888,888,889,889,889,890,890,890,891,891,891,892,892,892,893,893,893,894,894,894,895,895,895,184,184,184,896,896,896,184,184,184,184,184,184,897,897,897,898,898,898,899,899,899,900,900,900,901,901,901,902,902,902,903,903,903,904,904,904,905,905,905,906,906,906,907,907,907,908,908,908,909,909,909,910,910,910,911,911,911,912,912,912,913,913,913,914,914,914,915,915,915,916,916,916,917,917,917,918,918,918,919,919,919,920,920,920,921,921,921,922,922,922,923,923,923,924,924,924,925,925,925,926,926,926,927,927,927,928,928,928,929,929,929,930,930,930,931,931,931,932,932,932,933,933,933,934,934,934,935,935,935,936,936,936,937,937,937,938,938,938,939,939,939,940,940,940,941,941,941,942,942,942,943,943,943,944,944,944,945,945,945,946,946,946,947,947,947,948,948,948,949,949,949,950,950,950,951,951,951,952,952,952,953,953,953,954,954,954,955,955,955,956,956,956,957,957,957,958,958,958,959,959,959,960,960,960,961,961,961,962,962,962,963,963,963,964,964,964,965,965,965,966,966,966,967,967,967,968,968,968,969,969,969,970,970,970,971,971,971,515,515,515,972,972,972,973,973,973,974,974,974,975,975,975,976,976,976,977,977,977,978,978,978,979,979,979,980,980,980,981,981,981,982,982,982,983,983,983,984,984,984,985,985,985,986,986,986,987,987,987,988,988,988,989,989,989,990,990,990,991,991,991,992,992,992,993,993,993,994,994,994,995,995,995,996,996,996,997,997,997,998,998,998,999,999,999,1000,1000,1000,1001,1001,1001,1002,1002,1002,1003,1003,1003,1004,1004,1004,1005,1005,1005,1006,1006,1006,1007,1007,1007,1008,1008,1008,1009,1009,1009,1010,1010,1010,1011,1011,1011,1012,1012,1012,1013,1013,1013,1014,1014,1014,1015,1015,1015,1016,1016,1016,1017,1017,1017,1018,1018,1018,1019,1019,1019,1020,1020,1020,1021,1021,1021,1022,1022,1022,1023,1023,1023,1024,1024,1024,1025,1025,1025,1026,1026,1026,1027,1027,1027,1028,1028,1028,1029,1029,1029,1030,1030,1030,1031,1031,1031,1032,1032,1032,1033,1033,1033,1034,1034,1034,1035,1035,1035,1036,1036,1036,1037,1037,1037,1038,1038,1038,1039,1039,1039,1040,1040,1040,1041,1041,1041,1042,1042,1042,1043,1043,1043,1044,1044,1044,1